0.300000
200000000000.000000
7800.000000
625
0 -1.000000e-01 1.000000e-01
0 -1.250000e-01 1.000000e-01
0 -1.500000e-01 1.000000e-01
0 -1.750000e-01 1.000000e-01
0 -2.000000e-01 1.000000e-01
0 -1.000000e-01 7.500000e-02
0 -1.000000e-01 5.000000e-02
0 -1.000000e-01 2.500000e-02
0 -1.000000e-01 0
0 -1.250000e-01 7.500000e-02
0 -1.500000e-01 7.500000e-02
0 -1.750000e-01 7.500000e-02
0 -2.000000e-01 7.500000e-02
0 -1.250000e-01 5.000000e-02
0 -1.250000e-01 2.500000e-02
0 -1.250000e-01 0
0 -1.500000e-01 5.000000e-02
0 -1.750000e-01 5.000000e-02
0 -2.000000e-01 5.000000e-02
0 -1.500000e-01 2.500000e-02
0 -1.500000e-01 0
0 -1.750000e-01 2.500000e-02
0 -2.000000e-01 2.500000e-02
0 -1.750000e-01 0
0 -2.000000e-01 0
1.950903e-02 -9.807853e-02 1.000000e-01
2.438629e-02 -1.225982e-01 1.000000e-01
2.926355e-02 -1.471178e-01 1.000000e-01
3.414081e-02 -1.716374e-01 1.000000e-01
3.901806e-02 -1.961571e-01 1.000000e-01
1.950903e-02 -9.807853e-02 7.500000e-02
1.950903e-02 -9.807853e-02 5.000000e-02
1.950903e-02 -9.807853e-02 2.500000e-02
1.950903e-02 -9.807853e-02 0
2.438629e-02 -1.225982e-01 7.500000e-02
2.926355e-02 -1.471178e-01 7.500000e-02
3.414081e-02 -1.716374e-01 7.500000e-02
3.901806e-02 -1.961571e-01 7.500000e-02
2.438629e-02 -1.225982e-01 5.000000e-02
2.438629e-02 -1.225982e-01 2.500000e-02
2.438629e-02 -1.225982e-01 0
2.926355e-02 -1.471178e-01 5.000000e-02
3.414081e-02 -1.716374e-01 5.000000e-02
3.901806e-02 -1.961571e-01 5.000000e-02
2.926355e-02 -1.471178e-01 2.500000e-02
2.926355e-02 -1.471178e-01 0
3.414081e-02 -1.716374e-01 2.500000e-02
3.901806e-02 -1.961571e-01 2.500000e-02
3.414081e-02 -1.716374e-01 0
3.901806e-02 -1.961571e-01 0
3.826834e-02 -9.238795e-02 1.000000e-01
4.783543e-02 -1.154849e-01 1.000000e-01
5.740251e-02 -1.385819e-01 1.000000e-01
6.696960e-02 -1.616789e-01 1.000000e-01
7.653669e-02 -1.847759e-01 1.000000e-01
3.826834e-02 -9.238795e-02 7.500000e-02
3.826834e-02 -9.238795e-02 5.000000e-02
3.826834e-02 -9.238795e-02 2.500000e-02
3.826834e-02 -9.238795e-02 0
4.783543e-02 -1.154849e-01 7.500000e-02
5.740251e-02 -1.385819e-01 7.500000e-02
6.696960e-02 -1.616789e-01 7.500000e-02
7.653669e-02 -1.847759e-01 7.500000e-02
4.783543e-02 -1.154849e-01 5.000000e-02
4.783543e-02 -1.154849e-01 2.500000e-02
4.783543e-02 -1.154849e-01 0
5.740251e-02 -1.385819e-01 5.000000e-02
6.696960e-02 -1.616789e-01 5.000000e-02
7.653669e-02 -1.847759e-01 5.000000e-02
5.740251e-02 -1.385819e-01 2.500000e-02
5.740251e-02 -1.385819e-01 0
6.696960e-02 -1.616789e-01 2.500000e-02
7.653669e-02 -1.847759e-01 2.500000e-02
6.696960e-02 -1.616789e-01 0
7.653669e-02 -1.847759e-01 0
5.555702e-02 -8.314696e-02 1.000000e-01
6.944628e-02 -1.039337e-01 1.000000e-01
8.333553e-02 -1.247204e-01 1.000000e-01
9.722479e-02 -1.455072e-01 1.000000e-01
1.111140e-01 -1.662939e-01 1.000000e-01
5.555702e-02 -8.314696e-02 7.500000e-02
5.555702e-02 -8.314696e-02 5.000000e-02
5.555702e-02 -8.314696e-02 2.500000e-02
5.555702e-02 -8.314696e-02 0
6.944628e-02 -1.039337e-01 7.500000e-02
8.333553e-02 -1.247204e-01 7.500000e-02
9.722479e-02 -1.455072e-01 7.500000e-02
1.111140e-01 -1.662939e-01 7.500000e-02
6.944628e-02 -1.039337e-01 5.000000e-02
6.944628e-02 -1.039337e-01 2.500000e-02
6.944628e-02 -1.039337e-01 0
8.333553e-02 -1.247204e-01 5.000000e-02
9.722479e-02 -1.455072e-01 5.000000e-02
1.111140e-01 -1.662939e-01 5.000000e-02
8.333553e-02 -1.247204e-01 2.500000e-02
8.333553e-02 -1.247204e-01 0
9.722479e-02 -1.455072e-01 2.500000e-02
1.111140e-01 -1.662939e-01 2.500000e-02
9.722479e-02 -1.455072e-01 0
1.111140e-01 -1.662939e-01 0
7.071068e-02 -7.071068e-02 1.000000e-01
8.838835e-02 -8.838835e-02 1.000000e-01
1.060660e-01 -1.060660e-01 1.000000e-01
1.237437e-01 -1.237437e-01 1.000000e-01
1.414214e-01 -1.414214e-01 1.000000e-01
7.071068e-02 -7.071068e-02 7.500000e-02
7.071068e-02 -7.071068e-02 5.000000e-02
7.071068e-02 -7.071068e-02 2.500000e-02
7.071068e-02 -7.071068e-02 0
8.838835e-02 -8.838835e-02 7.500000e-02
1.060660e-01 -1.060660e-01 7.500000e-02
1.237437e-01 -1.237437e-01 7.500000e-02
1.414214e-01 -1.414214e-01 7.500000e-02
8.838835e-02 -8.838835e-02 5.000000e-02
8.838835e-02 -8.838835e-02 2.500000e-02
8.838835e-02 -8.838835e-02 0
1.060660e-01 -1.060660e-01 5.000000e-02
1.237437e-01 -1.237437e-01 5.000000e-02
1.414214e-01 -1.414214e-01 5.000000e-02
1.060660e-01 -1.060660e-01 2.500000e-02
1.060660e-01 -1.060660e-01 0
1.237437e-01 -1.237437e-01 2.500000e-02
1.414214e-01 -1.414214e-01 2.500000e-02
1.237437e-01 -1.237437e-01 0
1.414214e-01 -1.414214e-01 0
8.314696e-02 -5.555702e-02 1.000000e-01
8.314696e-02 -5.555702e-02 7.500000e-02
8.314696e-02 -5.555702e-02 5.000000e-02
8.314696e-02 -5.555702e-02 2.500000e-02
8.314696e-02 -5.555702e-02 0
1.039337e-01 -6.944628e-02 1.000000e-01
1.247204e-01 -8.333553e-02 1.000000e-01
1.455072e-01 -9.722479e-02 1.000000e-01
1.662939e-01 -1.111140e-01 1.000000e-01
1.039337e-01 -6.944628e-02 7.500000e-02
1.247204e-01 -8.333553e-02 7.500000e-02
1.455072e-01 -9.722479e-02 7.500000e-02
1.662939e-01 -1.111140e-01 7.500000e-02
1.039337e-01 -6.944628e-02 5.000000e-02
1.039337e-01 -6.944628e-02 2.500000e-02
1.039337e-01 -6.944628e-02 0
1.247204e-01 -8.333553e-02 5.000000e-02
1.455072e-01 -9.722479e-02 5.000000e-02
1.662939e-01 -1.111140e-01 5.000000e-02
1.247204e-01 -8.333553e-02 2.500000e-02
1.247204e-01 -8.333553e-02 0
1.455072e-01 -9.722479e-02 2.500000e-02
1.662939e-01 -1.111140e-01 2.500000e-02
1.455072e-01 -9.722479e-02 0
1.662939e-01 -1.111140e-01 0
9.238795e-02 -3.826834e-02 1.000000e-01
1.154849e-01 -4.783543e-02 1.000000e-01
1.385819e-01 -5.740251e-02 1.000000e-01
1.616789e-01 -6.696960e-02 1.000000e-01
1.847759e-01 -7.653669e-02 1.000000e-01
9.238795e-02 -3.826834e-02 7.500000e-02
9.238795e-02 -3.826834e-02 5.000000e-02
9.238795e-02 -3.826834e-02 2.500000e-02
9.238795e-02 -3.826834e-02 0
1.154849e-01 -4.783543e-02 7.500000e-02
1.154849e-01 -4.783543e-02 5.000000e-02
1.154849e-01 -4.783543e-02 2.500000e-02
1.154849e-01 -4.783543e-02 0
1.385819e-01 -5.740251e-02 7.500000e-02
1.616789e-01 -6.696960e-02 7.500000e-02
1.847759e-01 -7.653669e-02 7.500000e-02
1.385819e-01 -5.740251e-02 5.000000e-02
1.616789e-01 -6.696960e-02 5.000000e-02
1.847759e-01 -7.653669e-02 5.000000e-02
1.385819e-01 -5.740251e-02 2.500000e-02
1.385819e-01 -5.740251e-02 0
1.616789e-01 -6.696960e-02 2.500000e-02
1.847759e-01 -7.653669e-02 2.500000e-02
1.616789e-01 -6.696960e-02 0
1.847759e-01 -7.653669e-02 0
9.807853e-02 -1.950903e-02 1.000000e-01
1.225982e-01 -2.438629e-02 1.000000e-01
1.471178e-01 -2.926355e-02 1.000000e-01
1.716374e-01 -3.414081e-02 1.000000e-01
1.961571e-01 -3.901806e-02 1.000000e-01
9.807853e-02 -1.950903e-02 7.500000e-02
9.807853e-02 -1.950903e-02 5.000000e-02
9.807853e-02 -1.950903e-02 2.500000e-02
9.807853e-02 -1.950903e-02 0
1.225982e-01 -2.438629e-02 7.500000e-02
1.471178e-01 -2.926355e-02 7.500000e-02
1.716374e-01 -3.414081e-02 7.500000e-02
1.961571e-01 -3.901806e-02 7.500000e-02
1.225982e-01 -2.438629e-02 5.000000e-02
1.225982e-01 -2.438629e-02 2.500000e-02
1.225982e-01 -2.438629e-02 0
1.471178e-01 -2.926355e-02 5.000000e-02
1.471178e-01 -2.926355e-02 2.500000e-02
1.471178e-01 -2.926355e-02 0
1.716374e-01 -3.414081e-02 5.000000e-02
1.961571e-01 -3.901806e-02 5.000000e-02
1.716374e-01 -3.414081e-02 2.500000e-02
1.961571e-01 -3.901806e-02 2.500000e-02
1.716374e-01 -3.414081e-02 0
1.961571e-01 -3.901806e-02 0
1.000000e-01 0 1.000000e-01
1.250000e-01 -1.387779e-17 1.000000e-01
1.500000e-01 -1.387779e-17 1.000000e-01
1.750000e-01 1.387779e-17 1.000000e-01
2.000000e-01 0 1.000000e-01
1.000000e-01 0 7.500000e-02
1.000000e-01 0 5.000000e-02
1.000000e-01 0 2.500000e-02
1.000000e-01 0 0
1.250000e-01 -1.387779e-17 7.500000e-02
1.500000e-01 -1.387779e-17 7.500000e-02
1.750000e-01 1.387779e-17 7.500000e-02
2.000000e-01 0 7.500000e-02
1.250000e-01 -1.387779e-17 5.000000e-02
1.250000e-01 -1.387779e-17 2.500000e-02
1.250000e-01 -1.387779e-17 0
1.500000e-01 -1.387779e-17 5.000000e-02
1.750000e-01 1.387779e-17 5.000000e-02
2.000000e-01 0 5.000000e-02
1.500000e-01 -1.387779e-17 2.500000e-02
1.500000e-01 -1.387779e-17 0
1.750000e-01 1.387779e-17 2.500000e-02
1.750000e-01 1.387779e-17 0
2.000000e-01 0 2.500000e-02
2.000000e-01 0 0
9.807853e-02 1.950903e-02 1.000000e-01
1.225982e-01 2.438629e-02 1.000000e-01
1.471178e-01 2.926355e-02 1.000000e-01
1.716374e-01 3.414081e-02 1.000000e-01
1.961571e-01 3.901806e-02 1.000000e-01
9.807853e-02 1.950903e-02 7.500000e-02
9.807853e-02 1.950903e-02 5.000000e-02
9.807853e-02 1.950903e-02 2.500000e-02
9.807853e-02 1.950903e-02 0
1.225982e-01 2.438629e-02 7.500000e-02
1.471178e-01 2.926355e-02 7.500000e-02
1.716374e-01 3.414081e-02 7.500000e-02
1.961571e-01 3.901806e-02 7.500000e-02
1.225982e-01 2.438629e-02 5.000000e-02
1.225982e-01 2.438629e-02 2.500000e-02
1.225982e-01 2.438629e-02 0
1.471178e-01 2.926355e-02 5.000000e-02
1.716374e-01 3.414081e-02 5.000000e-02
1.961571e-01 3.901806e-02 5.000000e-02
1.471178e-01 2.926355e-02 2.500000e-02
1.471178e-01 2.926355e-02 0
1.716374e-01 3.414081e-02 2.500000e-02
1.961571e-01 3.901806e-02 2.500000e-02
1.716374e-01 3.414081e-02 0
1.961571e-01 3.901806e-02 0
9.238795e-02 3.826834e-02 1.000000e-01
1.154849e-01 4.783543e-02 1.000000e-01
1.385819e-01 5.740251e-02 1.000000e-01
1.616789e-01 6.696960e-02 1.000000e-01
1.847759e-01 7.653669e-02 1.000000e-01
9.238795e-02 3.826834e-02 7.500000e-02
9.238795e-02 3.826834e-02 5.000000e-02
9.238795e-02 3.826834e-02 2.500000e-02
9.238795e-02 3.826834e-02 0
1.154849e-01 4.783543e-02 7.500000e-02
1.385819e-01 5.740251e-02 7.500000e-02
1.616789e-01 6.696960e-02 7.500000e-02
1.847759e-01 7.653669e-02 7.500000e-02
1.154849e-01 4.783543e-02 5.000000e-02
1.154849e-01 4.783543e-02 2.500000e-02
1.154849e-01 4.783543e-02 0
1.385819e-01 5.740251e-02 5.000000e-02
1.616789e-01 6.696960e-02 5.000000e-02
1.847759e-01 7.653669e-02 5.000000e-02
1.385819e-01 5.740251e-02 2.500000e-02
1.385819e-01 5.740251e-02 0
1.616789e-01 6.696960e-02 2.500000e-02
1.847759e-01 7.653669e-02 2.500000e-02
1.616789e-01 6.696960e-02 0
1.847759e-01 7.653669e-02 0
8.314696e-02 5.555702e-02 1.000000e-01
1.039337e-01 6.944628e-02 1.000000e-01
1.247204e-01 8.333553e-02 1.000000e-01
1.455072e-01 9.722479e-02 1.000000e-01
1.662939e-01 1.111140e-01 1.000000e-01
8.314696e-02 5.555702e-02 7.500000e-02
8.314696e-02 5.555702e-02 5.000000e-02
8.314696e-02 5.555702e-02 2.500000e-02
8.314696e-02 5.555702e-02 0
1.039337e-01 6.944628e-02 7.500000e-02
1.247204e-01 8.333553e-02 7.500000e-02
1.455072e-01 9.722479e-02 7.500000e-02
1.662939e-01 1.111140e-01 7.500000e-02
1.039337e-01 6.944628e-02 5.000000e-02
1.039337e-01 6.944628e-02 2.500000e-02
1.039337e-01 6.944628e-02 0
1.247204e-01 8.333553e-02 5.000000e-02
1.455072e-01 9.722479e-02 5.000000e-02
1.662939e-01 1.111140e-01 5.000000e-02
1.247204e-01 8.333553e-02 2.500000e-02
1.247204e-01 8.333553e-02 0
1.455072e-01 9.722479e-02 2.500000e-02
1.662939e-01 1.111140e-01 2.500000e-02
1.455072e-01 9.722479e-02 0
1.662939e-01 1.111140e-01 0
7.071068e-02 7.071068e-02 1.000000e-01
8.838835e-02 8.838835e-02 1.000000e-01
1.060660e-01 1.060660e-01 1.000000e-01
1.237437e-01 1.237437e-01 1.000000e-01
1.414214e-01 1.414214e-01 1.000000e-01
7.071068e-02 7.071068e-02 7.500000e-02
7.071068e-02 7.071068e-02 5.000000e-02
7.071068e-02 7.071068e-02 2.500000e-02
7.071068e-02 7.071068e-02 0
8.838835e-02 8.838835e-02 7.500000e-02
1.060660e-01 1.060660e-01 7.500000e-02
1.237437e-01 1.237437e-01 7.500000e-02
1.414214e-01 1.414214e-01 7.500000e-02
8.838835e-02 8.838835e-02 5.000000e-02
8.838835e-02 8.838835e-02 2.500000e-02
8.838835e-02 8.838835e-02 0
1.060660e-01 1.060660e-01 5.000000e-02
1.237437e-01 1.237437e-01 5.000000e-02
1.414214e-01 1.414214e-01 5.000000e-02
1.060660e-01 1.060660e-01 2.500000e-02
1.060660e-01 1.060660e-01 0
1.237437e-01 1.237437e-01 2.500000e-02
1.414214e-01 1.414214e-01 2.500000e-02
1.237437e-01 1.237437e-01 0
1.414214e-01 1.414214e-01 0
5.555702e-02 8.314696e-02 1.000000e-01
5.555702e-02 8.314696e-02 7.500000e-02
5.555702e-02 8.314696e-02 5.000000e-02
5.555702e-02 8.314696e-02 2.500000e-02
5.555702e-02 8.314696e-02 0
6.944628e-02 1.039337e-01 1.000000e-01
8.333553e-02 1.247204e-01 1.000000e-01
9.722479e-02 1.455072e-01 1.000000e-01
1.111140e-01 1.662939e-01 1.000000e-01
6.944628e-02 1.039337e-01 7.500000e-02
8.333553e-02 1.247204e-01 7.500000e-02
9.722479e-02 1.455072e-01 7.500000e-02
1.111140e-01 1.662939e-01 7.500000e-02
6.944628e-02 1.039337e-01 5.000000e-02
6.944628e-02 1.039337e-01 2.500000e-02
6.944628e-02 1.039337e-01 0
8.333553e-02 1.247204e-01 5.000000e-02
9.722479e-02 1.455072e-01 5.000000e-02
1.111140e-01 1.662939e-01 5.000000e-02
8.333553e-02 1.247204e-01 2.500000e-02
8.333553e-02 1.247204e-01 0
9.722479e-02 1.455072e-01 2.500000e-02
1.111140e-01 1.662939e-01 2.500000e-02
9.722479e-02 1.455072e-01 0
1.111140e-01 1.662939e-01 0
3.826834e-02 9.238795e-02 1.000000e-01
4.783543e-02 1.154849e-01 1.000000e-01
5.740251e-02 1.385819e-01 1.000000e-01
6.696960e-02 1.616789e-01 1.000000e-01
7.653669e-02 1.847759e-01 1.000000e-01
3.826834e-02 9.238795e-02 7.500000e-02
3.826834e-02 9.238795e-02 5.000000e-02
3.826834e-02 9.238795e-02 2.500000e-02
3.826834e-02 9.238795e-02 0
4.783543e-02 1.154849e-01 7.500000e-02
4.783543e-02 1.154849e-01 5.000000e-02
4.783543e-02 1.154849e-01 2.500000e-02
4.783543e-02 1.154849e-01 0
5.740251e-02 1.385819e-01 7.500000e-02
6.696960e-02 1.616789e-01 7.500000e-02
7.653669e-02 1.847759e-01 7.500000e-02
5.740251e-02 1.385819e-01 5.000000e-02
6.696960e-02 1.616789e-01 5.000000e-02
7.653669e-02 1.847759e-01 5.000000e-02
5.740251e-02 1.385819e-01 2.500000e-02
5.740251e-02 1.385819e-01 0
6.696960e-02 1.616789e-01 2.500000e-02
7.653669e-02 1.847759e-01 2.500000e-02
6.696960e-02 1.616789e-01 0
7.653669e-02 1.847759e-01 0
1.950903e-02 9.807853e-02 1.000000e-01
2.438629e-02 1.225982e-01 1.000000e-01
2.926355e-02 1.471178e-01 1.000000e-01
3.414081e-02 1.716374e-01 1.000000e-01
3.901806e-02 1.961571e-01 1.000000e-01
1.950903e-02 9.807853e-02 7.500000e-02
1.950903e-02 9.807853e-02 5.000000e-02
1.950903e-02 9.807853e-02 2.500000e-02
1.950903e-02 9.807853e-02 0
2.438629e-02 1.225982e-01 7.500000e-02
2.926355e-02 1.471178e-01 7.500000e-02
3.414081e-02 1.716374e-01 7.500000e-02
3.901806e-02 1.961571e-01 7.500000e-02
2.438629e-02 1.225982e-01 5.000000e-02
2.438629e-02 1.225982e-01 2.500000e-02
2.438629e-02 1.225982e-01 0
2.926355e-02 1.471178e-01 5.000000e-02
2.926355e-02 1.471178e-01 2.500000e-02
2.926355e-02 1.471178e-01 0
3.414081e-02 1.716374e-01 5.000000e-02
3.901806e-02 1.961571e-01 5.000000e-02
3.414081e-02 1.716374e-01 2.500000e-02
3.901806e-02 1.961571e-01 2.500000e-02
3.414081e-02 1.716374e-01 0
3.901806e-02 1.961571e-01 0
0 1.000000e-01 1.000000e-01
-2.081668e-17 1.250000e-01 1.000000e-01
-2.081668e-17 1.500000e-01 1.000000e-01
-4.857226e-17 1.750000e-01 1.000000e-01
0 2.000000e-01 1.000000e-01
0 1.000000e-01 7.500000e-02
0 1.000000e-01 5.000000e-02
0 1.000000e-01 2.500000e-02
0 1.000000e-01 0
-2.081668e-17 1.250000e-01 7.500000e-02
-2.081668e-17 1.500000e-01 7.500000e-02
-4.857226e-17 1.750000e-01 7.500000e-02
0 2.000000e-01 7.500000e-02
-2.081668e-17 1.250000e-01 5.000000e-02
-2.081668e-17 1.250000e-01 2.500000e-02
-2.081668e-17 1.250000e-01 0
-2.081668e-17 1.500000e-01 5.000000e-02
-4.857226e-17 1.750000e-01 5.000000e-02
0 2.000000e-01 5.000000e-02
-2.081668e-17 1.500000e-01 2.500000e-02
-2.081668e-17 1.500000e-01 0
-4.857226e-17 1.750000e-01 2.500000e-02
-4.857226e-17 1.750000e-01 0
0 2.000000e-01 2.500000e-02
0 2.000000e-01 0
-1.950903e-02 9.807853e-02 1.000000e-01
-2.438629e-02 1.225982e-01 1.000000e-01
-2.926355e-02 1.471178e-01 1.000000e-01
-3.414081e-02 1.716374e-01 1.000000e-01
-3.901806e-02 1.961571e-01 1.000000e-01
-1.950903e-02 9.807853e-02 7.500000e-02
-1.950903e-02 9.807853e-02 5.000000e-02
-1.950903e-02 9.807853e-02 2.500000e-02
-1.950903e-02 9.807853e-02 0
-2.438629e-02 1.225982e-01 7.500000e-02
-2.926355e-02 1.471178e-01 7.500000e-02
-3.414081e-02 1.716374e-01 7.500000e-02
-3.901806e-02 1.961571e-01 7.500000e-02
-2.438629e-02 1.225982e-01 5.000000e-02
-2.438629e-02 1.225982e-01 2.500000e-02
-2.438629e-02 1.225982e-01 0
-2.926355e-02 1.471178e-01 5.000000e-02
-3.414081e-02 1.716374e-01 5.000000e-02
-3.901806e-02 1.961571e-01 5.000000e-02
-2.926355e-02 1.471178e-01 2.500000e-02
-2.926355e-02 1.471178e-01 0
-3.414081e-02 1.716374e-01 2.500000e-02
-3.901806e-02 1.961571e-01 2.500000e-02
-3.414081e-02 1.716374e-01 0
-3.901806e-02 1.961571e-01 0
-3.826834e-02 9.238795e-02 1.000000e-01
-4.783543e-02 1.154849e-01 1.000000e-01
-5.740251e-02 1.385819e-01 1.000000e-01
-6.696960e-02 1.616789e-01 1.000000e-01
-7.653669e-02 1.847759e-01 1.000000e-01
-3.826834e-02 9.238795e-02 7.500000e-02
-3.826834e-02 9.238795e-02 5.000000e-02
-3.826834e-02 9.238795e-02 2.500000e-02
-3.826834e-02 9.238795e-02 0
-4.783543e-02 1.154849e-01 7.500000e-02
-5.740251e-02 1.385819e-01 7.500000e-02
-6.696960e-02 1.616789e-01 7.500000e-02
-7.653669e-02 1.847759e-01 7.500000e-02
-4.783543e-02 1.154849e-01 5.000000e-02
-4.783543e-02 1.154849e-01 2.500000e-02
-4.783543e-02 1.154849e-01 0
-5.740251e-02 1.385819e-01 5.000000e-02
-6.696960e-02 1.616789e-01 5.000000e-02
-7.653669e-02 1.847759e-01 5.000000e-02
-5.740251e-02 1.385819e-01 2.500000e-02
-5.740251e-02 1.385819e-01 0
-6.696960e-02 1.616789e-01 2.500000e-02
-7.653669e-02 1.847759e-01 2.500000e-02
-6.696960e-02 1.616789e-01 0
-7.653669e-02 1.847759e-01 0
-5.555702e-02 8.314696e-02 1.000000e-01
-6.944628e-02 1.039337e-01 1.000000e-01
-8.333553e-02 1.247204e-01 1.000000e-01
-9.722479e-02 1.455072e-01 1.000000e-01
-1.111140e-01 1.662939e-01 1.000000e-01
-5.555702e-02 8.314696e-02 7.500000e-02
-5.555702e-02 8.314696e-02 5.000000e-02
-5.555702e-02 8.314696e-02 2.500000e-02
-5.555702e-02 8.314696e-02 0
-6.944628e-02 1.039337e-01 7.500000e-02
-8.333553e-02 1.247204e-01 7.500000e-02
-9.722479e-02 1.455072e-01 7.500000e-02
-1.111140e-01 1.662939e-01 7.500000e-02
-6.944628e-02 1.039337e-01 5.000000e-02
-6.944628e-02 1.039337e-01 2.500000e-02
-6.944628e-02 1.039337e-01 0
-8.333553e-02 1.247204e-01 5.000000e-02
-9.722479e-02 1.455072e-01 5.000000e-02
-1.111140e-01 1.662939e-01 5.000000e-02
-8.333553e-02 1.247204e-01 2.500000e-02
-8.333553e-02 1.247204e-01 0
-9.722479e-02 1.455072e-01 2.500000e-02
-1.111140e-01 1.662939e-01 2.500000e-02
-9.722479e-02 1.455072e-01 0
-1.111140e-01 1.662939e-01 0
-7.071068e-02 7.071068e-02 1.000000e-01
-8.314696e-02 5.555702e-02 1.000000e-01
-9.238795e-02 3.826834e-02 1.000000e-01
-9.807853e-02 1.950903e-02 1.000000e-01
-1.000000e-01 0 1.000000e-01
-8.838835e-02 8.838835e-02 1.000000e-01
-1.060660e-01 1.060660e-01 1.000000e-01
-1.237437e-01 1.237437e-01 1.000000e-01
-1.414214e-01 1.414214e-01 1.000000e-01
-7.071068e-02 7.071068e-02 7.500000e-02
-7.071068e-02 7.071068e-02 5.000000e-02
-7.071068e-02 7.071068e-02 2.500000e-02
-7.071068e-02 7.071068e-02 0
-1.039337e-01 6.944628e-02 1.000000e-01
-1.154849e-01 4.783543e-02 1.000000e-01
-1.225982e-01 2.438629e-02 1.000000e-01
-1.250000e-01 0 1.000000e-01
-1.247204e-01 8.333553e-02 1.000000e-01
-1.455072e-01 9.722479e-02 1.000000e-01
-1.662939e-01 1.111140e-01 1.000000e-01
-1.385819e-01 5.740251e-02 1.000000e-01
-1.471178e-01 2.926355e-02 1.000000e-01
-1.500000e-01 0 1.000000e-01
-1.616789e-01 6.696960e-02 1.000000e-01
-1.847759e-01 7.653669e-02 1.000000e-01
-1.716374e-01 3.414081e-02 1.000000e-01
-1.750000e-01 0 1.000000e-01
-1.961571e-01 3.901806e-02 1.000000e-01
-2.000000e-01 0 1.000000e-01
-8.314696e-02 5.555702e-02 7.500000e-02
-9.238795e-02 3.826834e-02 7.500000e-02
-9.807853e-02 1.950903e-02 7.500000e-02
-1.000000e-01 0 7.500000e-02
-8.314696e-02 5.555702e-02 5.000000e-02
-8.314696e-02 5.555702e-02 2.500000e-02
-8.314696e-02 5.555702e-02 0
-9.238795e-02 3.826834e-02 5.000000e-02
-9.807853e-02 1.950903e-02 5.000000e-02
-1.000000e-01 0 5.000000e-02
-9.238795e-02 3.826834e-02 2.500000e-02
-9.238795e-02 3.826834e-02 0
-9.807853e-02 1.950903e-02 2.500000e-02
-1.000000e-01 0 2.500000e-02
-9.807853e-02 1.950903e-02 0
-1.000000e-01 0 0
-8.838835e-02 8.838835e-02 7.500000e-02
-1.060660e-01 1.060660e-01 7.500000e-02
-1.237437e-01 1.237437e-01 7.500000e-02
-1.414214e-01 1.414214e-01 7.500000e-02
-8.838835e-02 8.838835e-02 5.000000e-02
-8.838835e-02 8.838835e-02 2.500000e-02
-8.838835e-02 8.838835e-02 0
-1.060660e-01 1.060660e-01 5.000000e-02
-1.237437e-01 1.237437e-01 5.000000e-02
-1.414214e-01 1.414214e-01 5.000000e-02
-1.060660e-01 1.060660e-01 2.500000e-02
-1.060660e-01 1.060660e-01 0
-1.237437e-01 1.237437e-01 2.500000e-02
-1.414214e-01 1.414214e-01 2.500000e-02
-1.237437e-01 1.237437e-01 0
-1.414214e-01 1.414214e-01 0
-1.039337e-01 6.944628e-02 7.500000e-02
-1.154849e-01 4.783543e-02 7.500000e-02
-1.225982e-01 2.438629e-02 7.500000e-02
-1.250000e-01 0 7.500000e-02
-1.247204e-01 8.333553e-02 7.500000e-02
-1.455072e-01 9.722479e-02 7.500000e-02
-1.662939e-01 1.111140e-01 7.500000e-02
-1.039337e-01 6.944628e-02 5.000000e-02
-1.039337e-01 6.944628e-02 2.500000e-02
-1.039337e-01 6.944628e-02 0
-1.385819e-01 5.740251e-02 7.500000e-02
-1.471178e-01 2.926355e-02 7.500000e-02
-1.500000e-01 0 7.500000e-02
-1.616789e-01 6.696960e-02 7.500000e-02
-1.847759e-01 7.653669e-02 7.500000e-02
-1.716374e-01 3.414081e-02 7.500000e-02
-1.750000e-01 0 7.500000e-02
-1.961571e-01 3.901806e-02 7.500000e-02
-2.000000e-01 0 7.500000e-02
-1.154849e-01 4.783543e-02 5.000000e-02
-1.225982e-01 2.438629e-02 5.000000e-02
-1.250000e-01 0 5.000000e-02
-1.154849e-01 4.783543e-02 2.500000e-02
-1.154849e-01 4.783543e-02 0
-1.225982e-01 2.438629e-02 2.500000e-02
-1.250000e-01 0 2.500000e-02
-1.225982e-01 2.438629e-02 0
-1.250000e-01 0 0
-1.247204e-01 8.333553e-02 5.000000e-02
-1.455072e-01 9.722479e-02 5.000000e-02
-1.662939e-01 1.111140e-01 5.000000e-02
-1.247204e-01 8.333553e-02 2.500000e-02
-1.247204e-01 8.333553e-02 0
-1.455072e-01 9.722479e-02 2.500000e-02
-1.662939e-01 1.111140e-01 2.500000e-02
-1.455072e-01 9.722479e-02 0
-1.662939e-01 1.111140e-01 0
-1.385819e-01 5.740251e-02 5.000000e-02
-1.471178e-01 2.926355e-02 5.000000e-02
-1.500000e-01 0 5.000000e-02
-1.616789e-01 6.696960e-02 5.000000e-02
-1.847759e-01 7.653669e-02 5.000000e-02
-1.385819e-01 5.740251e-02 2.500000e-02
-1.385819e-01 5.740251e-02 0
-1.716374e-01 3.414081e-02 5.000000e-02
-1.750000e-01 0 5.000000e-02
-1.961571e-01 3.901806e-02 5.000000e-02
-2.000000e-01 0 5.000000e-02
-1.471178e-01 2.926355e-02 2.500000e-02
-1.500000e-01 0 2.500000e-02
-1.471178e-01 2.926355e-02 0
-1.500000e-01 0 0
-1.616789e-01 6.696960e-02 2.500000e-02
-1.847759e-01 7.653669e-02 2.500000e-02
-1.616789e-01 6.696960e-02 0
-1.847759e-01 7.653669e-02 0
-1.716374e-01 3.414081e-02 2.500000e-02
-1.750000e-01 0 2.500000e-02
-1.961571e-01 3.901806e-02 2.500000e-02
-1.716374e-01 3.414081e-02 0
-2.000000e-01 0 2.500000e-02
-1.750000e-01 0 0
-1.961571e-01 3.901806e-02 0
-2.000000e-01 0 0
384
8
587 588 544 543 585 586 542 541
585 586 542 541 581 582 538 537
581 582 538 537 563 564 532 531
563 564 532 531 515 516 504 503
584 587 543 540 583 585 541 539
583 585 541 539 580 581 537 536
580 581 537 536 562 563 531 530
562 563 531 530 514 515 503 502
570 584 540 535 569 583 539 534
569 583 539 534 568 580 536 533
568 580 536 533 561 562 530 529
561 562 530 529 513 514 502 501
551 570 535 512 550 569 534 511
550 569 534 511 549 568 533 510
549 568 533 510 545 561 529 509
545 561 529 509 505 513 501 500
490 551 512 483 489 550 511 482
489 550 511 482 488 549 510 481
488 549 510 481 484 545 509 480
484 545 509 480 476 505 500 475
465 490 483 458 464 489 482 457
464 489 482 457 463 488 481 456
463 488 481 456 459 484 480 455
459 484 480 455 451 476 475 450
440 465 458 433 439 464 457 432
439 464 457 432 438 463 456 431
438 463 456 431 434 459 455 430
434 459 455 430 426 451 450 425
415 440 433 408 414 439 432 407
414 439 432 407 413 438 431 406
413 438 431 406 409 434 430 405
409 434 430 405 401 426 425 400
390 415 408 383 389 414 407 382
389 414 407 382 388 413 406 381
388 413 406 381 384 409 405 380
384 409 405 380 376 401 400 375
362 390 383 358 361 389 382 357
361 389 382 357 360 388 381 356
360 388 381 356 359 384 380 355
359 384 380 355 351 376 375 350
340 362 358 329 339 361 357 328
339 361 357 328 338 360 356 327
338 360 356 327 334 359 355 326
334 359 355 326 330 351 350 325
315 340 329 308 314 339 328 307
314 339 328 307 313 338 327 306
313 338 327 306 309 334 326 305
309 334 326 305 301 330 325 300
290 315 308 283 289 314 307 282
289 314 307 282 288 313 306 281
288 313 306 281 284 309 305 280
284 309 305 280 276 301 300 275
265 290 283 258 264 289 282 257
264 289 282 257 263 288 281 256
263 288 281 256 259 284 280 255
259 284 280 255 251 276 275 250
240 265 258 233 239 264 257 232
239 264 257 232 238 263 256 231
238 263 256 231 234 259 255 230
234 259 255 230 226 251 250 225
215 240 233 208 214 239 232 207
214 239 232 207 213 238 231 206
213 238 231 206 209 234 230 205
209 234 230 205 201 226 225 200
190 215 208 183 189 214 207 182
189 214 207 182 188 213 206 181
188 213 206 181 184 209 205 180
184 209 205 180 176 201 200 175
162 190 183 158 161 189 182 157
161 189 182 157 160 188 181 156
160 188 181 156 159 184 180 155
159 184 180 155 151 176 175 150
140 162 158 129 139 161 157 128
139 161 157 128 138 160 156 127
138 160 156 127 134 159 155 126
134 159 155 126 130 151 150 125
115 140 129 108 114 139 128 107
114 139 128 107 113 138 127 106
113 138 127 106 109 134 126 105
109 134 126 105 101 130 125 100
90 115 108 83 89 114 107 82
89 114 107 82 88 113 106 81
88 113 106 81 84 109 105 80
84 109 105 80 76 101 100 75
65 90 83 58 64 89 82 57
64 89 82 57 63 88 81 56
63 88 81 56 59 84 80 55
59 84 80 55 51 76 75 50
40 65 58 33 39 64 57 32
39 64 57 32 38 63 56 31
38 63 56 31 34 59 55 30
34 59 55 30 26 51 50 25
15 40 33 8 14 39 32 7
14 39 32 7 13 38 31 6
13 38 31 6 9 34 30 5
9 34 30 5 1 26 25 0
611 612 588 587 609 610 586 585
609 610 586 585 599 600 582 581
599 600 582 581 572 573 564 563
572 573 564 563 521 522 516 515
604 611 587 584 603 609 585 583
603 609 585 583 598 599 581 580
598 599 581 580 571 572 563 562
571 572 563 562 520 521 515 514
593 604 584 570 592 603 583 569
592 603 583 569 589 598 580 568
589 598 580 568 565 571 562 561
565 571 562 561 517 520 514 513
556 593 570 551 555 592 569 550
555 592 569 550 552 589 568 549
552 589 568 549 546 565 561 545
546 565 561 545 506 517 513 505
495 556 551 490 494 555 550 489
494 555 550 489 491 552 549 488
491 552 549 488 485 546 545 484
485 546 545 484 477 506 505 476
470 495 490 465 469 494 489 464
469 494 489 464 466 491 488 463
466 491 488 463 460 485 484 459
460 485 484 459 452 477 476 451
445 470 465 440 444 469 464 439
444 469 464 439 441 466 463 438
441 466 463 438 435 460 459 434
435 460 459 434 427 452 451 426
420 445 440 415 419 444 439 414
419 444 439 414 416 441 438 413
416 441 438 413 410 435 434 409
410 435 434 409 402 427 426 401
393 420 415 390 392 419 414 389
392 419 414 389 391 416 413 388
391 416 413 388 385 410 409 384
385 410 409 384 377 402 401 376
370 393 390 362 369 392 389 361
369 392 389 361 366 391 388 360
366 391 388 360 363 385 384 359
363 385 384 359 352 377 376 351
345 370 362 340 344 369 361 339
344 369 361 339 341 366 360 338
341 366 360 338 335 363 359 334
335 363 359 334 331 352 351 330
320 345 340 315 319 344 339 314
319 344 339 314 316 341 338 313
316 341 338 313 310 335 334 309
310 335 334 309 302 331 330 301
295 320 315 290 294 319 314 289
294 319 314 289 291 316 313 288
291 316 313 288 285 310 309 284
285 310 309 284 277 302 301 276
270 295 290 265 269 294 289 264
269 294 289 264 266 291 288 263
266 291 288 263 260 285 284 259
260 285 284 259 252 277 276 251
245 270 265 240 244 269 264 239
244 269 264 239 241 266 263 238
241 266 263 238 235 260 259 234
235 260 259 234 227 252 251 226
220 245 240 215 219 244 239 214
219 244 239 214 216 241 238 213
216 241 238 213 210 235 234 209
210 235 234 209 202 227 226 201
193 220 215 190 192 219 214 189
192 219 214 189 191 216 213 188
191 216 213 188 185 210 209 184
185 210 209 184 177 202 201 176
170 193 190 162 169 192 189 161
169 192 189 161 166 191 188 160
166 191 188 160 163 185 184 159
163 185 184 159 152 177 176 151
145 170 162 140 144 169 161 139
144 169 161 139 141 166 160 138
141 166 160 138 135 163 159 134
135 163 159 134 131 152 151 130
120 145 140 115 119 144 139 114
119 144 139 114 116 141 138 113
116 141 138 113 110 135 134 109
110 135 134 109 102 131 130 101
95 120 115 90 94 119 114 89
94 119 114 89 91 116 113 88
91 116 113 88 85 110 109 84
85 110 109 84 77 102 101 76
70 95 90 65 69 94 89 64
69 94 89 64 66 91 88 63
66 91 88 63 60 85 84 59
60 85 84 59 52 77 76 51
45 70 65 40 44 69 64 39
44 69 64 39 41 66 63 38
41 66 63 38 35 60 59 34
35 60 59 34 27 52 51 26
20 45 40 15 19 44 39 14
19 44 39 14 16 41 38 13
16 41 38 13 10 35 34 9
10 35 34 9 2 27 26 1
620 622 612 611 617 618 610 609
617 618 610 609 605 606 600 599
605 606 600 599 576 577 573 572
576 577 573 572 525 526 522 521
615 620 611 604 613 617 609 603
613 617 609 603 601 605 599 598
601 605 599 598 574 576 572 571
574 576 572 571 523 525 521 520
596 615 604 593 594 613 603 592
594 613 603 592 590 601 598 589
590 601 598 589 566 574 571 565
566 574 571 565 518 523 520 517
559 596 593 556 557 594 592 555
557 594 592 555 553 590 589 552
553 590 589 552 547 566 565 546
547 566 565 546 507 518 517 506
498 559 556 495 496 557 555 494
496 557 555 494 492 553 552 491
492 553 552 491 486 547 546 485
486 547 546 485 478 507 506 477
473 498 495 470 471 496 494 469
471 496 494 469 467 492 491 466
467 492 491 466 461 486 485 460
461 486 485 460 453 478 477 452
448 473 470 445 446 471 469 444
446 471 469 444 442 467 466 441
442 467 466 441 436 461 460 435
436 461 460 435 428 453 452 427
422 448 445 420 421 446 444 419
421 446 444 419 417 442 441 416
417 442 441 416 411 436 435 410
411 436 435 410 403 428 427 402
398 422 420 393 396 421 419 392
396 421 419 392 394 417 416 391
394 417 416 391 386 411 410 385
386 411 410 385 378 403 402 377
373 398 393 370 371 396 392 369
371 396 392 369 367 394 391 366
367 394 391 366 364 386 385 363
364 386 385 363 353 378 377 352
348 373 370 345 346 371 369 344
346 371 369 344 342 367 366 341
342 367 366 341 336 364 363 335
336 364 363 335 332 353 352 331
323 348 345 320 321 346 344 319
321 346 344 319 317 342 341 316
317 342 341 316 311 336 335 310
311 336 335 310 303 332 331 302
298 323 320 295 296 321 319 294
296 321 319 294 292 317 316 291
292 317 316 291 286 311 310 285
286 311 310 285 278 303 302 277
273 298 295 270 271 296 294 269
271 296 294 269 267 292 291 266
267 292 291 266 261 286 285 260
261 286 285 260 253 278 277 252
248 273 270 245 246 271 269 244
246 271 269 244 242 267 266 241
242 267 266 241 236 261 260 235
236 261 260 235 228 253 252 227
222 248 245 220 221 246 244 219
221 246 244 219 217 242 241 216
217 242 241 216 211 236 235 210
211 236 235 210 203 228 227 202
198 222 220 193 196 221 219 192
196 221 219 192 194 217 216 191
194 217 216 191 186 211 210 185
186 211 210 185 178 203 202 177
173 198 193 170 171 196 192 169
171 196 192 169 167 194 191 166
167 194 191 166 164 186 185 163
164 186 185 163 153 178 177 152
148 173 170 145 146 171 169 144
146 171 169 144 142 167 166 141
142 167 166 141 136 164 163 135
136 164 163 135 132 153 152 131
123 148 145 120 121 146 144 119
121 146 144 119 117 142 141 116
117 142 141 116 111 136 135 110
111 136 135 110 103 132 131 102
98 123 120 95 96 121 119 94
96 121 119 94 92 117 116 91
92 117 116 91 86 111 110 85
86 111 110 85 78 103 102 77
73 98 95 70 71 96 94 69
71 96 94 69 67 92 91 66
67 92 91 66 61 86 85 60
61 86 85 60 53 78 77 52
48 73 70 45 46 71 69 44
46 71 69 44 42 67 66 41
42 67 66 41 36 61 60 35
36 61 60 35 28 53 52 27
23 48 45 20 21 46 44 19
21 46 44 19 17 42 41 16
17 42 41 16 11 36 35 10
11 36 35 10 3 28 27 2
623 624 622 620 619 621 618 617
619 621 618 617 607 608 606 605
607 608 606 605 578 579 577 576
578 579 577 576 527 528 526 525
616 623 620 615 614 619 617 613
614 619 617 613 602 607 605 601
602 607 605 601 575 578 576 574
575 578 576 574 524 527 525 523
597 616 615 596 595 614 613 594
595 614 613 594 591 602 601 590
591 602 601 590 567 575 574 566
567 575 574 566 519 524 523 518
560 597 596 559 558 595 594 557
558 595 594 557 554 591 590 553
554 591 590 553 548 567 566 547
548 567 566 547 508 519 518 507
499 560 559 498 497 558 557 496
497 558 557 496 493 554 553 492
493 554 553 492 487 548 547 486
487 548 547 486 479 508 507 478
474 499 498 473 472 497 496 471
472 497 496 471 468 493 492 467
468 493 492 467 462 487 486 461
462 487 486 461 454 479 478 453
449 474 473 448 447 472 471 446
447 472 471 446 443 468 467 442
443 468 467 442 437 462 461 436
437 462 461 436 429 454 453 428
424 449 448 422 423 447 446 421
423 447 446 421 418 443 442 417
418 443 442 417 412 437 436 411
412 437 436 411 404 429 428 403
399 424 422 398 397 423 421 396
397 423 421 396 395 418 417 394
395 418 417 394 387 412 411 386
387 412 411 386 379 404 403 378
374 399 398 373 372 397 396 371
372 397 396 371 368 395 394 367
368 395 394 367 365 387 386 364
365 387 386 364 354 379 378 353
349 374 373 348 347 372 371 346
347 372 371 346 343 368 367 342
343 368 367 342 337 365 364 336
337 365 364 336 333 354 353 332
324 349 348 323 322 347 346 321
322 347 346 321 318 343 342 317
318 343 342 317 312 337 336 311
312 337 336 311 304 333 332 303
299 324 323 298 297 322 321 296
297 322 321 296 293 318 317 292
293 318 317 292 287 312 311 286
287 312 311 286 279 304 303 278
274 299 298 273 272 297 296 271
272 297 296 271 268 293 292 267
268 293 292 267 262 287 286 261
262 287 286 261 254 279 278 253
249 274 273 248 247 272 271 246
247 272 271 246 243 268 267 242
243 268 267 242 237 262 261 236
237 262 261 236 229 254 253 228
224 249 248 222 223 247 246 221
223 247 246 221 218 243 242 217
218 243 242 217 212 237 236 211
212 237 236 211 204 229 228 203
199 224 222 198 197 223 221 196
197 223 221 196 195 218 217 194
195 218 217 194 187 212 211 186
187 212 211 186 179 204 203 178
174 199 198 173 172 197 196 171
172 197 196 171 168 195 194 167
168 195 194 167 165 187 186 164
165 187 186 164 154 179 178 153
149 174 173 148 147 172 171 146
147 172 171 146 143 168 167 142
143 168 167 142 137 165 164 136
137 165 164 136 133 154 153 132
124 149 148 123 122 147 146 121
122 147 146 121 118 143 142 117
118 143 142 117 112 137 136 111
112 137 136 111 104 133 132 103
99 124 123 98 97 122 121 96
97 122 121 96 93 118 117 92
93 118 117 92 87 112 111 86
87 112 111 86 79 104 103 78
74 99 98 73 72 97 96 71
72 97 96 71 68 93 92 67
68 93 92 67 62 87 86 61
62 87 86 61 54 79 78 53
49 74 73 48 47 72 71 46
47 72 71 46 43 68 67 42
43 68 67 42 37 62 61 36
37 62 61 36 29 54 53 28
24 49 48 23 22 47 46 21
22 47 46 21 18 43 42 17
18 43 42 17 12 37 36 11
12 37 36 11 4 29 28 3
